495
6.11698e-10 3.07536e-12 -9.81
3.01898e-12 -4.7937e-12 -9.81
-4.66112e-12 9.91207e-13 -9.81
3.40664e-12 -9.36211e-13 -9.81
1.31403e-12 -6.35371e-10 -1.28271e-08
-1.04379e-09 -3.89589e-10 -1.23287e-08
-1.26715e-09 -6.96356e-10 -1.22504e-08
-1.26339e-09 -5.79315e-10 -1.22365e-08
-1.26145e-09 -6.08456e-10 -1.22286e-08
-1.13551e-09 -6.30212e-10 -1.52171e-08
-1.09476e-09 -4.16492e-10 -1.2e-08
-9.76041e-10 -6.03792e-10 -1.33466e-08
-3.42283e-09 -1.93835e-09 -1.0293e-08
-2.47049e-09 -1.81612e-09 -1.39651e-08
-2.42005e-09 -1.69801e-09 -1.39638e-08
-2.1762e-09 -1.45505e-09 -1.3932e-08
-2.02405e-09 -1.30865e-09 -1.3389e-08
-1.64797e-09 -9.76443e-10 -1.33181e-08
-1.17955e-09 -5.40768e-10 -1.25136e-08
-9.15819e-10 -5.71866e-10 -8.49561e-09
-1.99967e-09 -1.57894e-09 -1.24245e-08
-1.87043e-09 -1.94264e-09 -1.68099e-08
-2.42389e-09 -2.03846e-09 -1.43104e-08
-2.48748e-09 -1.8086e-09 -1.38719e-08
-2.42646e-09 -1.67762e-09 -1.38838e-08
-2.41708e-09 -1.54692e-09 -1.39926e-08
-2.38703e-09 -1.44512e-09 -1.39121e-08
-2.3739e-09 -1.48808e-09 -1.4229e-08
-2.18947e-09 -1.37412e-09 -1.38125e-08
-6.90703e-10 -9.70371e-10 -9.65508e-09
-2.05682e-09 -1.37025e-09 -1.36257e-08
-2.18714e-09 -1.38096e-09 -1.37314e-08
-1.10553e-09 -5.42708e-10 -1.19646e-08
-2.43391e-09 -1.65935e-09 -1.37949e-08
-1.5349e-09 -1.0358e-09 -1.27322e-08
-2.47534e-09 -1.6484e-09 -1.36254e-08
-1.38926e-09 -8.87867e-10 -1.15613e-08
-2.46413e-09 -1.60255e-09 -1.39765e-08
-6.32767e-10 -5.26856e-10 -1.20062e-08
-2.4077e-09 -1.74398e-09 -1.38257e-08
-2.38217e-09 -1.48867e-09 -1.36961e-08
-1.08541e-09 -4.56758e-10 -1.18644e-08
-2.14627e-09 -1.92383e-09 -1.32971e-08
-5.17593e-10 -1.6932e-10 -8.25277e-09
-2.47825e-09 -1.66919e-09 -1.31921e-08
-1.15316e-09 -5.49723e-10 -1.10257e-08
-1.82393e-09 -1.23251e-09 -1.33665e-08
-2.03155e-09 -1.32807e-09 -1.34654e-08
-2.25709e-09 -1.54667e-09 -1.38363e-08
-2.16763e-09 -1.44539e-09 -1.37227e-08
-1.8839e-09 -1.23193e-09 -1.33326e-08
-2.02251e-09 -1.33311e-09 -1.30644e-08
-2.2653e-09 -1.50279e-09 -1.37649e-08
-1.6289e-09 -1.05002e-09 -1.29124e-08
-1.76364e-09 -1.03604e-09 -1.29475e-08
